3 0.290625 0.346875 0.58125 0.66875
2 0.459375 0.6984375 0.20390625 0.12578125
2 0.49765625 0.79453125 0.19296875 0.1515625
2 0.70390625 0.67734375 0.15859375 0.134375
2 0.6421875 0.59765625 0.20390625 0.12109375
2 0.8703125 0.5 0.2140625 0.12265625
2 0.88671875 0.59140625 0.2015625 0.1828125
2 0.66015625 0.31484375 0.134375 0.1125
2 0.64453125 0.1625 0.14609375 0.09609375
2 0.81171875 0.20703125 0.17109375 0.06015625
2 0.80703125 0.27265625 0.12890625 0.1140625
2 0.79609375 0.13984375 0.14296875 0.09140625
2 0.65625 0.24375 0.17578125 0.08984375